0.300486
0.301466
0.30336
0.308806
0.316278
0.316723
0.315312
0.31735
0.349632
0.348477
0.350502
0.350208
0.349142
0.349123
0.350762
0.345987
0.323802
0.42567
0.426358
0.42585
0.425536
0.425552
0.425699
0.425472
0.425894
0.637594
0.639341
0.639782
0.640275
0.640234
0.640781
0.639942
0.641136
0.641997
0.791731
0.788051
0.719341
0.681082
0.679603
0.67833
0.67991
0.676525
0.77801
0.778749
0.783168
0.780186
0.779584
0.782435
0.778774
0.778643
0.773136
0.893741
0.897843
0.89456
0.894736
0.898598
0.89425
0.893642
0.894192
1.02478
1.03402
1.03335
1.02677
1.0287
1.02706
1.02773
1.02599
1.02493
1.14954
1.15066
1.15166
1.15297
1.15173
1.15397
1.14892
1.15521
1.2807
1.28542
1.27737
1.26647
1.27058
1.27037
1.26815
1.27461
1.27559
1.39975
1.39368
1.38881
1.39022
1.38817
1.38858
1.3888
1.39611
1.523
1.51972
1.51672
1.55765
1.51532
1.51357
1.52017
1.52477
1.52361
1.65512
1.65518
1.65846
1.6556
1.65869
1.65525
1.64864
1.65119
1.77756
1.77095
1.76867
1.77348
1.77875
1.78096
1.77785
1.78065
1.77938
1.90372
1.89368
1.88827
1.88993
1.90257
1.90321
1.90341
1.91293
2.02588